%%MatrixMarket vector coordinate real general
351
1   6.09171209679724469377e-03
2  -2.22730535226084512112e-04
3  -1.31575004825542490883e-02
4  -2.02224171731095608839e-02
5   5.09640501514406832340e-02
6   2.04224108409314892643e-04
7   2.39273264569334325608e-03
8   8.74884065600698573612e-05
9   7.15566164421463975914e-03
10   6.72276119421816374493e-04
11  -3.25135422475259470987e-04
12   6.70204707054395808392e-04
13   5.24523541796380267550e-04
14   1.05141658243043494003e-03
15  -5.16055214250078150839e-02
16   3.29845372563757673751e-03
17  -2.29099453175801888449e-02
18  -1.02567219215798897144e-04
19   4.57643658935413702275e-04
20  -3.97204322622592420622e-02
21   1.68893953621405295586e-03
22  -1.22923643638747349905e-04
23  -1.06597567215052402593e-04
24  -2.30708335983902199789e-04
25  -4.10162802980230587185e-04
26  -9.35489691640446242860e-03
27   1.73166739974557289984e-03
28  -8.05396764036974376066e-03
29   2.26908153932166116451e-03
30   8.81275895120390428831e-05
31  -3.65779088466915633382e-02
32   6.15899364334511062458e-02
33  -4.18750918412210629965e-03
34  -2.40350515439644793481e-02
35   7.76068198912501769132e-06
36   5.20510657731607581655e-02
37   1.33569938461022032217e-02
38  -1.03820696348576171908e-01
39  -1.62983233965678002766e-04
40  -2.16163818427104987641e-04
41  -5.96855230335821248036e-04
42  -1.44912973495819660114e-02
43   9.72375246764132280392e-04
44  -1.69809189960885739386e-04
45   2.09913816694713446093e-03
46   1.43170911318521582034e-02
47   2.35344502019036415363e-03
48   8.29198265105102975264e-05
49   2.05750387597427707859e-03
50   7.44263157265302038867e-02
51   2.44057793616686514657e-03
52  -1.11553566589603029430e-02
53   4.25037858466243692254e-04
54   2.29001146303988746544e-02
55   2.29672710517879073364e-03
56   1.01878224062794181179e-03
57   5.28386775589687746058e-02
58   1.26898907871938982847e-03
59  -6.44343530653422869037e-01
60   1.31530729791931848965e-03
61   6.78927037612063596569e-04
62  -1.01033103426342537635e-03
63  -5.94605508832641592768e-05
64   2.76610492644450587860e-03
65   1.20955168986157969579e-02
66  -1.01275006061761181989e-03
67   8.37369853764329550097e-05
68   3.32439090646468107804e-03
69   3.39788932635683247480e-03
70  -2.18260328447420561297e-04
71   1.43376450411147049468e-02
72  -2.12422778206456455696e-02
73   5.25990463917863269004e-04
74  -1.10073712027329703375e-03
75  -8.61744094697858422716e-05
76  -1.06459360537194573171e-04
77   2.33235529258684247606e-05
78   1.08544555518229075136e-02
79   7.24190832084250883660e-04
80  -4.08441572352561559946e-04
81  -1.79189322370350680516e-03
82   2.24597123701264587275e-03
83  -6.71214244594382225539e-02
84   7.75842912997758453117e-04
85   2.63411835497257386732e-03
86  -1.23857743609872444392e-03
87   4.61476947289278793818e-01
88  -1.84571057861635445460e-03
89   1.07553951069777487676e-02
90   1.33370140032408428243e-03
91  -7.62543389622682608008e-04
92  -1.65263436902982432421e-03
93  -1.29776226615175671424e-03
94   1.22678642637026533158e-02
95  -2.00651574617418324009e-02
96   2.64027249384083360917e-03
97   1.00159918676189516398e-03
98  -1.89470744808041616225e-02
99   7.30819365692157805331e-03
100  -1.78390649218441456857e-03
101  -1.14101743630028455885e-03
102   2.01057956070710072694e-03
103   1.40566635086612767847e-03
104  -2.51638490572367277964e-02
105   1.01799107271976965045e-02
106  -6.46899113231286693355e-04
107   2.73100391113889357647e-03
108  -1.12130549357024864900e-03
109  -7.96337680672058148730e-04
110  -2.16216347349627076996e-03
111   3.04602361053582005885e-04
112  -6.96119138761537342881e-04
113   5.59207115648410399422e-03
114   6.56953695149671695885e-02
115   3.87288013303777323149e-02
116  -3.68706140789664196800e-02
117  -2.88357053276376822798e-03
118  -2.24131445148289349875e-03
119   1.81538879557320326392e-03
120   8.37642824337447716720e-02
121   3.28566599292959282685e-02
122   2.42457460560252836823e-02
123  -8.00906245816699019317e-04
124   9.89293848386880173484e-05
125   1.44746727393541246409e-04
126  -3.06915843962902816760e-04
127   7.84107771869972918627e-04
128  -1.86855550140732795672e-01
129   7.04575576265524944342e-02
130  -1.08046428388040133793e-03
131  -1.69348015367041496333e-03
132   1.18113494577098580374e-04
133  -2.02906097950096607832e-03
134   9.53094606453033549483e-04
135   4.69797668642582425067e-04
136   8.27591474109479619935e-05
137  -1.45782993573950444069e-03
138  -1.11044866661353267500e-04
139   3.46879702435161849094e-02
140   1.78414598214662982467e-02
141  -5.74282239588201712938e-03
142   1.46646573899158029833e-03
143   1.12769902184029907621e-02
144   1.61903796611212826874e-03
145   1.15204921290521979799e-02
146  -6.87394973191172570237e-02
147  -1.87190778896571125012e-02
148   7.20440107278115136544e-04
149  -1.46879251533545791483e-03
150   1.81183528288412598432e-04
151  -2.78777527258720252482e-03
152  -6.14163831783948936487e-05
153   2.70825099731101940400e-04
154  -5.47148662747648170408e-05
155  -8.60012270093494096690e-02
156   3.98954164090119505620e-03
157   3.20697294577671756718e-03
158  -2.67346020386410448966e-02
159   8.49346064674167365582e-03
160   1.14440126244912926401e-01
161   7.93408670080671257763e-02
162   3.55462502665384216978e-04
163  -7.72910354269918764385e-04
164  -1.33519092304307420002e-04
165   5.47421427156255351043e-03
166   1.18002057425770929405e-02
167   4.22959127333613475221e-04
168  -1.98896406994429939636e-04
169   4.99052145898140186303e-03
170  -7.99313608093037489266e-03
171   5.90861402110213758225e-04
172  -1.77271275087324542419e-02
173  -2.56878719399667278592e-03
174  -5.19982685227716036162e-04
175   1.16869621499640797407e-02
176  -3.97529518566092227028e-02
177  -1.86745018435706140042e-03
178  -3.62383517171043986749e-02
179  -2.15291459056260459093e-02
180   1.43023646948615577520e-03
181   1.77840919964636985824e-03
182   2.30232956630690051292e-02
183  -1.86518084671389076067e-03
184   5.04975200156058674598e-04
185   4.18390996320144002707e-03
186  -3.42876911892436367357e-02
187   8.68079046983611453576e-04
188  -6.88756396916825148688e-04
189  -2.91627652535121368454e-03
190   4.25676307930821125336e-03
191  -4.31046654813883379533e-04
192   4.01638603632871321603e-02
193   2.52152041716338453335e-04
194   9.51583640353616906291e-04
195  -2.87978470813657263377e-03
196   4.74551842518412610888e-05
197  -3.39441606360062295838e-03
198  -9.20234886724070742141e-05
199  -1.04125711492145090441e-03
200   1.88472719813187385846e-03
201   1.38470709464727742381e-03
202  -2.35800038568599878985e-02
203  -9.15363390161077483675e-02
204  -1.62129624803846014887e-03
205  -1.60382749638081530119e-03
206  -1.21204577816685205548e-03
207  -6.25001281154421170841e-04
208   1.33106925947761348637e-03
209  -3.17289607444841705009e-05
210  -5.05841780882264162311e-04
211  -1.20873820841601946861e-03
212  -2.49700540538406242242e-04
213  -1.35546570492163851026e-04
214   1.59636351622384833893e-02
215  -1.07426996442737464170e-03
216  -2.30809426996313616504e-03
217   3.78615024330059141144e-02
218   2.03988096553508807193e-03
219   1.77900154425552382842e-02
220  -1.41618239102429654963e-01
221   5.53478067495304527218e-03
222   5.76009862685975745911e-02
223  -3.62406079026725877045e-04
224   6.70708451417415061485e-04
225   1.33718529000654206759e-03
226   6.40144504676874769381e-04
227   1.07489061136096158977e-01
228  -1.16555908784245015018e-03
229   8.20376020785342635611e-02
230   1.03499511852551636694e-03
231   1.10558926055322930340e-03
232   8.39084012304277572503e-03
233  -3.24783907554457157429e-02
234   7.71599181736026492641e-04
235  -4.65302312081581400521e-04
236  -1.38887364154514436967e-03
237   2.91458252479274183833e-02
238  -1.06438913261676175968e-04
239   6.33992140211483371642e-04
240   3.51015617195436622315e-06
241   3.41996715929609334562e-04
242  -2.21672267780791587728e-04
243   6.00353702066326708371e-04
244  -7.96474757214394462907e-05
245   4.84175929263032725491e-03
246  -5.47402152715704415353e-02
247  -6.25794257663329078767e-02
248   1.63973547001346225960e-01
249   1.62902017444883258357e-02
250  -6.61431182558568503405e-02
251  -3.05912273609565688037e-02
252   1.03706691943358849523e-02
253   2.40254550977185202644e-04
254   1.16415559192316786681e-03
255   3.24728338905800597777e-03
256  -2.70677910373684233597e-03
257   8.59727572490624064594e-02
258   1.40848255985808301638e-01
259   3.34569802302954921909e-04
260  -7.39653511580871334810e-05
261   1.15029318596856031803e-02
262   2.90721988425113320176e-03
263   3.32567636843920239054e-04
264  -3.33360003636006593103e-03
265  -6.97831243540899814892e-02
266  -1.16584173964338682836e-03
267   3.77300743320546305378e-05
268  -3.09336703925544142385e-03
269  -3.50836014596736999946e-04
270   3.20622448200112430960e-02
271   2.28434374191884362066e-04
272  -2.91106374602388856836e-05
273   9.56147148388256725056e-04
274   2.80701216349610793363e-03
275  -1.30084952026945643855e-01
276  -2.97157734087158155456e-02
277  -2.41665447073984831963e-04
278   4.01664684198250175086e-04
279  -9.12895035212126122748e-03
280  -2.42683306568460543939e-02
281   5.25250172380917548787e-03
282  -3.88871084710939399903e-03
283  -1.12944967713861730424e-02
284  -5.62969239417982561524e-02
285   1.69433746410125869557e-03
286   1.17674898038369474262e-02
287  -3.84703506314487317895e-04
288  -8.13145124479432114192e-04
289   4.44912275011584250339e-04
290   4.59177376053813632306e-02
291   3.67563238191451410741e-02
292   4.63186492597228785528e-03
293   5.50567370888516258338e-04
294   2.50238296657461509534e-03
295  -4.32321564482582472444e-03
296   3.39914075795699928677e-04
297   5.30713078285789782891e-04
298   5.23459644208825705843e-04
299   4.67132826965262909231e-04
300  -5.01914080483695018362e-04
301   6.93499235608590887218e-04
302  -1.33028736481986798422e-03
303   4.70811955593855857582e-02
304  -4.99554218428152133069e-02
305  -4.50958850920030781661e-04
306   1.99000776519723827224e-03
307  -2.60682364293266758282e-04
308   2.64182804654478683298e-03
309  -5.22318093987011447185e-04
310  -8.54839977648213394414e-04
311   6.24540614061769305820e-02
312  -1.18116066329354008069e-02
313   1.68878983209013247557e-03
314   1.18235242548529853645e-04
315  -2.85161691389019687683e-04
316   2.08383082231779767982e-03
317  -3.99974716805656591023e-02
318  -9.41179390349065485332e-05
319  -2.27862588042424159263e-03
320  -9.33594976276593251779e-04
321   5.04635161989987202080e-02
322  -9.74121222575696906962e-05
323   1.80932597115448221860e-03
324  -1.20386167008288487608e-03
325  -9.13183029798213426187e-03
326  -4.10831757095871247243e-02
327   2.78447775416747981408e-03
328   2.89308365777816620633e-04
329  -2.90891238520798697028e-04
330  -9.17845132049488482287e-05
331  -3.26735709645080765751e-03
332   3.82751766417700712772e-03
333  -2.77988544714412636437e-04
334   2.82160662077543325510e-02
335  -4.18406461026462964115e-02
336   2.83440185208109936277e-02
337  -5.07722172163825331143e-03
338   1.47221158844198780728e-03
339  -8.41935123845509864049e-02
340  -8.31052626802675936148e-04
341   4.83686965196864317781e-04
342  -2.58174982095285424424e-03
343  -1.36811268284133544584e-03
344  -6.20704209493454564777e-05
345  -1.10528931161290436269e-01
346  -3.22084405444802730073e-03
347   3.98726511176072083171e-04
348   1.98306280636790815963e-01
349  -9.30772981361622890606e-04
350   1.21024149598311062288e-03
351   2.76197900007215356444e-03
