1.000000e+00
1.870829e+01
1.535721e-01
1.221713e-01
1.222480e-01
1.203278e-01
1.160082e-01
1.099302e-01
1.029193e-01
9.570052e-02
8.876636e-02
8.236746e-02
7.657123e-02
7.133739e-02
6.658101e-02
6.221315e-02
5.816110e-02
5.437438e-02
5.082283e-02
4.749139e-02
4.437448e-02
4.147118e-02
3.878182e-02
3.630578e-02
3.404034e-02
3.198026e-02
3.011784e-02
2.844315e-02
2.694453e-02
2.560902e-02
2.442288e-02
2.337196e-02
2.244214e-02
2.161965e-02
2.089131e-02
2.024475e-02
1.966858e-02
1.915242e-02
1.868696e-02
1.826398e-02
1.787625e-02
1.751755e-02
1.718251e-02
1.686661e-02
1.656603e-02
1.627760e-02
1.599871e-02
1.572722e-02
1.546143e-02
1.520000e-02
1.494187e-02
1.468624e-02
1.443253e-02
1.418034e-02
1.392940e-02
1.367957e-02
1.343080e-02
1.318311e-02
1.293659e-02
1.269138e-02
1.244762e-02
1.220551e-02
1.196525e-02
1.172704e-02
1.149109e-02
1.125762e-02
1.102683e-02
1.079892e-02
1.057406e-02
1.035244e-02
1.013423e-02
9.919555e-03
9.708568e-03
9.501386e-03
9.298116e-03
9.098853e-03
8.903679e-03
8.712662e-03
8.525858e-03
8.343314e-03
8.165063e-03
7.991130e-03
7.821529e-03
7.656268e-03
7.495342e-03
7.338744e-03
7.186456e-03
7.038455e-03
6.894713e-03
6.755195e-03
6.619864e-03
6.488676e-03
6.361583e-03
6.238536e-03
6.119481e-03
6.004361e-03
5.893117e-03
5.785688e-03
5.682011e-03
5.582020e-03
5.485650e-03
5.392831e-03
5.303494e-03
5.217569e-03
5.134985e-03
5.055670e-03
4.979550e-03
4.906553e-03
4.836603e-03
4.769628e-03
4.705553e-03
4.644302e-03
4.585801e-03
4.529976e-03
4.476750e-03
4.426051e-03
4.377802e-03
4.331930e-03
4.288362e-03
4.247025e-03
4.207844e-03
4.170750e-03
4.135669e-03
4.102533e-03
4.071270e-03
4.041813e-03
4.014095e-03
3.988047e-03
3.963606e-03
3.940706e-03
3.919285e-03
3.899281e-03
3.880634e-03
3.863285e-03
3.847176e-03
3.832251e-03
3.818456e-03
3.805738e-03
3.794044e-03
3.783326e-03
3.773533e-03
3.764619e-03
3.756539e-03
3.749248e-03
3.742704e-03
3.736865e-03
3.731692e-03
3.727146e-03
3.723190e-03
3.719789e-03
3.716909e-03
3.714516e-03
3.712579e-03
3.711067e-03
3.709952e-03
3.709205e-03
3.708799e-03
3.708708e-03
3.708908e-03
3.709375e-03
3.710087e-03
3.711021e-03
3.712156e-03
3.713473e-03
3.714953e-03
3.716577e-03
3.718329e-03
3.720190e-03
3.722146e-03
3.724181e-03
3.726280e-03
3.728431e-03
3.730618e-03
3.732831e-03
3.735056e-03
3.737282e-03
3.739498e-03
3.741694e-03
3.743860e-03
3.745986e-03
3.748063e-03
3.750083e-03
3.752036e-03
3.753916e-03
3.755715e-03
3.757426e-03
3.759042e-03
3.760556e-03
3.761964e-03
3.763258e-03
3.764434e-03
3.765486e-03
3.766409e-03
3.767199e-03
3.767852e-03
3.768362e-03
3.768728e-03
3.768944e-03
3.769007e-03
3.768914e-03
3.768663e-03
3.768249e-03
3.767672e-03
3.766927e-03
3.766014e-03
3.764929e-03
3.763672e-03
3.762239e-03
3.760630e-03
3.758844e-03
3.756878e-03
3.754732e-03
3.752404e-03
3.749894e-03
3.747201e-03
3.744325e-03
3.741264e-03
3.738018e-03
3.734588e-03
3.730973e-03
3.727172e-03
3.723187e-03
3.719016e-03
3.714661e-03
3.710121e-03
3.705397e-03
3.700490e-03
3.695399e-03
3.690127e-03
3.684673e-03
3.679038e-03
3.673223e-03
3.667230e-03
3.661059e-03
3.654711e-03
3.648188e-03
3.641490e-03
3.634620e-03
3.627578e-03
3.620366e-03
3.612986e-03
3.605438e-03
3.597725e-03
3.589848e-03
3.581808e-03
3.573609e-03
3.565250e-03
3.556735e-03
3.548065e-03
3.539242e-03
3.530267e-03
3.521144e-03
3.511873e-03
3.502457e-03
3.492898e-03
3.483198e-03
3.473359e-03
3.463384e-03
3.453273e-03
3.443031e-03
3.432658e-03
3.422157e-03
3.411531e-03
3.400781e-03
3.389910e-03
3.378920e-03
3.367814e-03
3.356593e-03
3.345261e-03
3.333818e-03
3.322269e-03
3.310615e-03
3.298858e-03
3.287001e-03
3.275045e-03
3.262995e-03
3.250851e-03
3.238617e-03
3.226294e-03
3.213885e-03
3.201392e-03
3.188817e-03
3.176164e-03
3.163434e-03
3.150629e-03
3.137752e-03
3.124805e-03
3.111791e-03
3.098711e-03
3.085569e-03
3.072365e-03
3.059103e-03
3.045785e-03
3.032412e-03
3.018987e-03
3.005513e-03
2.991991e-03
2.978423e-03
2.964812e-03
2.951160e-03
2.937469e-03
2.923740e-03
2.909977e-03
2.896180e-03
2.882352e-03
2.868495e-03
2.854611e-03
2.840702e-03
2.826769e-03
2.812815e-03
2.798841e-03
2.784850e-03
2.770843e-03
2.756822e-03
2.742788e-03
2.728744e-03
2.714691e-03
2.700631e-03
2.686566e-03
2.672497e-03
2.658425e-03
2.644353e-03
2.630282e-03
2.616214e-03
2.602149e-03
2.588091e-03
2.574039e-03
2.559996e-03
2.545962e-03
2.531940e-03
2.517931e-03
2.503936e-03
2.489956e-03
2.475993e-03
2.462048e-03
2.448122e-03
2.434216e-03
2.420332e-03
2.406471e-03
2.392634e-03
2.378823e-03
2.365037e-03
2.351279e-03
2.337549e-03
2.323848e-03
2.310178e-03
2.296539e-03
2.282933e-03
2.269360e-03
2.255821e-03
2.242317e-03
2.228850e-03
2.215419e-03
2.202026e-03
2.188672e-03
2.175356e-03
2.162081e-03
2.148847e-03
2.135655e-03
2.122504e-03
2.109397e-03
2.096333e-03
2.083314e-03
2.070339e-03
2.057410e-03
2.044527e-03
2.031691e-03
2.018902e-03
2.006161e-03
1.993468e-03
1.980824e-03
1.968230e-03
1.955685e-03
1.943190e-03
1.930746e-03
1.918353e-03
1.906012e-03
1.893723e-03
1.881485e-03
1.869301e-03
1.857169e-03
1.845091e-03
1.833066e-03
1.821095e-03
1.809178e-03
1.797316e-03
1.785508e-03
1.773756e-03
1.762058e-03
1.750416e-03
1.738830e-03
1.727299e-03
1.715825e-03
1.704406e-03
1.693044e-03
1.681739e-03
1.670490e-03
1.659297e-03
1.648162e-03
1.637083e-03
1.626062e-03
1.615097e-03
1.604190e-03
1.593340e-03
1.582547e-03
1.571812e-03
1.561134e-03
1.550514e-03
1.539951e-03
1.529445e-03
1.518997e-03
1.508606e-03
1.498273e-03
1.487997e-03
1.477779e-03
1.467618e-03
1.457514e-03
1.447468e-03
1.437478e-03
1.427546e-03
1.417671e-03
1.407853e-03
1.398092e-03
1.388388e-03
1.378740e-03
1.369149e-03
1.359614e-03
1.350136e-03
1.340715e-03
1.331349e-03
1.322040e-03
1.312786e-03
1.303588e-03
1.294446e-03
1.285359e-03
1.276328e-03
1.267352e-03
1.258431e-03
1.249564e-03
1.240753e-03
1.231996e-03
1.223293e-03
1.214645e-03
1.206051e-03
1.197510e-03
1.189023e-03
1.180590e-03
1.172210e-03
1.163883e-03
1.155609e-03
1.147387e-03
1.139218e-03
1.131102e-03
1.123037e-03
1.115025e-03
1.107064e-03
1.099154e-03
1.091296e-03
1.083488e-03
1.075732e-03
1.068026e-03
1.060370e-03
1.052765e-03
1.045209e-03
1.037704e-03
1.030247e-03
1.022840e-03
1.015482e-03
1.008173e-03
1.000912e-03
9.936994e-04
9.865350e-04
9.794185e-04
9.723495e-04
9.653279e-04
9.583534e-04
9.514259e-04
9.445450e-04
9.377105e-04
9.309222e-04
9.241798e-04
9.174831e-04
9.108319e-04
9.042259e-04
8.976649e-04
8.911486e-04
8.846768e-04
8.782492e-04
8.718657e-04
8.655259e-04
8.592297e-04
8.529767e-04
8.467668e-04
8.405996e-04
8.344751e-04
8.283928e-04
8.223526e-04
8.163543e-04
8.103975e-04
8.044821e-04
7.986079e-04
7.927744e-04
7.869817e-04
7.812293e-04
7.755170e-04
7.698447e-04
7.642120e-04
7.586188e-04
7.530648e-04
7.475498e-04
7.420735e-04
7.366357e-04
7.312361e-04
7.258746e-04
7.205509e-04
7.152647e-04
7.100158e-04
7.048041e-04
6.996292e-04
6.944910e-04
6.893891e-04
6.843234e-04
6.792937e-04
6.742997e-04
6.693413e-04
6.644180e-04
6.595299e-04
6.546765e-04
6.498578e-04
6.450734e-04
6.403232e-04
6.356069e-04
6.309243e-04
6.262753e-04
6.216595e-04
6.170768e-04
6.125269e-04
6.080097e-04
6.035249e-04
5.990723e-04
5.946517e-04
5.902629e-04
5.859056e-04
5.815798e-04
5.772850e-04
5.730213e-04
5.687883e-04
5.645858e-04
5.604136e-04
5.562716e-04
5.521595e-04
5.480772e-04
5.440243e-04
5.400008e-04
5.360065e-04
5.320410e-04
5.281044e-04
5.241962e-04
5.203164e-04
5.164648e-04
5.126411e-04
5.088452e-04
5.050769e-04
5.013359e-04
4.976222e-04
4.939355e-04
4.902757e-04
4.866425e-04
4.830357e-04
4.794553e-04
4.759009e-04
4.723725e-04
4.688698e-04
4.653926e-04
4.619409e-04
4.585144e-04
4.551129e-04
4.517362e-04
4.483843e-04
4.450568e-04
4.417537e-04
4.384748e-04
4.352199e-04
4.319888e-04
4.287814e-04
4.255975e-04
4.224369e-04
4.192995e-04
4.161851e-04
4.130935e-04
4.100246e-04
4.069783e-04
4.039543e-04
4.009525e-04
3.979728e-04
3.950150e-04
3.920789e-04
3.891644e-04
3.862713e-04
3.833995e-04
3.805489e-04
3.777192e-04
3.749103e-04
3.721221e-04
3.693545e-04
3.666072e-04
3.638802e-04
3.611732e-04
3.584862e-04
3.558191e-04
3.531715e-04
3.505435e-04
3.479349e-04
3.453456e-04
3.427753e-04
3.402240e-04
3.376916e-04
3.351778e-04
3.326826e-04
3.302059e-04
3.277474e-04
3.253071e-04
3.228848e-04
3.204805e-04
3.180939e-04
3.157249e-04
3.133735e-04
3.110394e-04
3.087227e-04
3.064230e-04
3.041404e-04
3.018747e-04
2.996257e-04
2.973934e-04
2.951776e-04
2.929782e-04
2.907952e-04
2.886282e-04
2.864774e-04
2.843424e-04
2.822233e-04
2.801199e-04
2.780321e-04
2.759597e-04
2.739028e-04
2.718610e-04
2.698344e-04
2.678229e-04
2.658262e-04
2.638444e-04
2.618773e-04
2.599247e-04
2.579867e-04
2.560630e-04
2.541536e-04
2.522584e-04
2.503773e-04
2.485101e-04
2.466568e-04
2.448172e-04
2.429913e-04
2.411790e-04
2.393801e-04
2.375946e-04
2.358224e-04
2.340633e-04
2.323173e-04
2.305842e-04
2.288641e-04
2.271567e-04
2.254621e-04
2.237800e-04
2.221104e-04
2.204532e-04
2.188084e-04
2.171758e-04
2.155553e-04
2.139469e-04
2.123504e-04
2.107659e-04
2.091931e-04
2.076320e-04
2.060825e-04
2.045446e-04
2.030180e-04
2.015029e-04
1.999990e-04
1.985063e-04
1.970248e-04
1.955542e-04
1.940946e-04
1.926459e-04
1.912080e-04
1.897807e-04
1.883641e-04
1.869580e-04
1.855624e-04
1.841772e-04
1.828023e-04
1.814377e-04
1.800832e-04
1.787388e-04
1.774044e-04
1.760800e-04
1.747654e-04
1.734606e-04
1.721655e-04
1.708801e-04
1.696043e-04
1.683380e-04
1.670811e-04
1.658335e-04
1.645953e-04
1.633663e-04
1.621464e-04
1.609357e-04
1.597340e-04
1.585412e-04
1.573573e-04
1.561823e-04
1.550160e-04
1.538584e-04
1.527094e-04
1.515690e-04
1.504371e-04
1.493136e-04
1.481985e-04
1.470917e-04
1.459932e-04
1.449029e-04
1.438207e-04
1.427466e-04
1.416805e-04
1.406223e-04
1.395720e-04
1.385296e-04
1.374949e-04
1.364680e-04
1.354487e-04
1.344370e-04
1.334329e-04
1.324362e-04
1.314470e-04
1.304652e-04
1.294907e-04
1.285234e-04
1.275634e-04
1.266105e-04
1.256648e-04
1.247261e-04
1.237944e-04
1.228697e-04
1.219518e-04
1.210409e-04
1.201367e-04
1.192392e-04
1.183485e-04
1.174644e-04
1.165869e-04
1.157160e-04
1.148515e-04
1.139935e-04
1.131419e-04
1.122967e-04
1.114578e-04
1.106251e-04
1.097986e-04
1.089784e-04
1.081642e-04
1.073561e-04
1.065541e-04
1.057580e-04
1.049679e-04
1.041837e-04
1.034053e-04
1.026327e-04
1.018660e-04
1.011049e-04
1.003495e-04
9.959976e-05
9.885562e-05
9.811703e-05
9.738396e-05
9.665636e-05
9.593419e-05
9.521742e-05
9.450599e-05
9.379988e-05
9.309904e-05
9.240344e-05
9.171302e-05
9.102777e-05
9.034763e-05
8.967257e-05
8.900255e-05
8.833754e-05
8.767749e-05
8.702237e-05
8.637214e-05
8.572677e-05
8.508621e-05
8.445045e-05
8.381943e-05
8.319312e-05
8.257149e-05
8.195450e-05
8.134212e-05
8.073432e-05
8.013105e-05
7.953229e-05
7.893800e-05
7.834815e-05
7.776271e-05
7.718164e-05
7.660491e-05
7.603248e-05
7.546434e-05
7.490043e-05
7.434074e-05
7.378523e-05
7.323387e-05
7.268662e-05
7.214347e-05
7.160437e-05
7.106930e-05
7.053823e-05
7.001112e-05
6.948795e-05
6.896869e-05
6.845331e-05
6.794177e-05
6.743406e-05
6.693014e-05
6.642999e-05
6.593357e-05
6.544086e-05
6.495184e-05
6.446646e-05
6.398471e-05
6.350656e-05
6.303198e-05
6.256095e-05
6.209344e-05
6.162942e-05
6.116886e-05
6.071175e-05
6.025805e-05
5.980775e-05
5.936080e-05
5.891720e-05
5.847691e-05
5.803991e-05
5.760617e-05
5.717567e-05
5.674840e-05
5.632431e-05
5.590339e-05
5.548562e-05
5.507097e-05
5.465941e-05
5.425093e-05
5.384551e-05
5.344311e-05
5.304372e-05
5.264731e-05
5.225387e-05
5.186336e-05
5.147577e-05
5.109108e-05
5.070926e-05
5.033030e-05
4.995417e-05
4.958084e-05
4.921031e-05
4.884255e-05
4.847753e-05
4.811524e-05
4.775566e-05
4.739877e-05
4.704454e-05
4.669296e-05
4.634400e-05
4.599766e-05
4.565390e-05
4.531271e-05
4.497407e-05
4.463796e-05
4.430436e-05
4.397325e-05
4.364462e-05
4.331845e-05
4.299471e-05
4.267339e-05
4.235447e-05
4.203793e-05
4.172376e-05
4.141194e-05
4.110245e-05
4.079527e-05
4.049039e-05
4.018778e-05
3.988744e-05
3.958934e-05
3.929346e-05
3.899980e-05
3.870834e-05
3.841905e-05
3.813192e-05
3.784694e-05
3.756409e-05
3.728335e-05
3.700471e-05
3.672815e-05
3.645366e-05
3.618122e-05
3.591081e-05
3.564243e-05
3.537605e-05
3.511167e-05
3.484925e-05
3.458880e-05
3.433030e-05
3.407373e-05
3.381907e-05
3.356632e-05
3.331546e-05
3.306647e-05
3.281934e-05
3.257406e-05
3.233061e-05
3.208898e-05
3.184916e-05
3.161113e-05
3.137488e-05
3.114039e-05
3.090766e-05
3.067666e-05
3.044740e-05
3.021984e-05
2.999399e-05
2.976982e-05
2.954733e-05
2.932650e-05
2.910732e-05
2.888978e-05
2.867387e-05
2.845957e-05
2.824687e-05
2.803576e-05
2.782623e-05
2.761826e-05
2.741185e-05
2.720698e-05
2.700364e-05
2.680182e-05
2.660151e-05
2.640270e-05
2.620537e-05
2.600952e-05
2.581513e-05
2.562219e-05
2.543070e-05
2.524063e-05
2.505199e-05
2.486476e-05
2.467892e-05
2.449448e-05
2.431141e-05
2.412971e-05
2.394937e-05
2.377038e-05
2.359272e-05
2.341640e-05
2.324139e-05
2.306769e-05
2.289528e-05
2.272417e-05
2.255433e-05
2.238576e-05
2.221846e-05
2.205240e-05
2.188758e-05
2.172400e-05
2.156164e-05
2.140049e-05
2.124055e-05
2.108180e-05
2.092424e-05
2.076785e-05
2.061264e-05
2.045858e-05
2.030568e-05
2.015392e-05
2.000329e-05
1.985379e-05
1.970540e-05
1.955813e-05
1.941195e-05
1.926687e-05
1.912287e-05
1.897995e-05
1.883810e-05
1.869731e-05
1.855756e-05
1.841887e-05
1.828121e-05
1.814458e-05
1.800897e-05
1.787437e-05
1.774078e-05
1.760819e-05
1.747659e-05
1.734597e-05
1.721633e-05
1.708765e-05
1.695994e-05
1.683319e-05
1.670738e-05
1.658251e-05
1.645857e-05
1.633556e-05
1.621347e-05
1.609230e-05
1.597202e-05
1.585265e-05
1.573417e-05
1.561657e-05
1.549986e-05
1.538401e-05
1.526904e-05
1.515492e-05
1.504165e-05
1.492923e-05
1.481765e-05
1.470691e-05
1.459699e-05
1.448789e-05
1.437961e-05
1.427214e-05
1.416547e-05
1.405960e-05
1.395452e-05
1.385022e-05
1.374671e-05
1.364397e-05
1.354199e-05
1.344078e-05
1.334033e-05
1.324062e-05
1.314166e-05
1.304344e-05
1.294596e-05
1.284920e-05
1.275317e-05
1.265785e-05
1.256325e-05
1.246935e-05
1.237616e-05
1.228366e-05
1.219185e-05
1.210073e-05
1.201029e-05
1.192053e-05
1.183143e-05
1.174301e-05
1.165524e-05
1.156813e-05
1.148167e-05
1.139586e-05
1.131069e-05
1.122615e-05
1.114225e-05
1.105897e-05
1.097632e-05
1.089428e-05
1.081286e-05
1.073204e-05
1.065183e-05
1.057222e-05
1.049321e-05
1.041478e-05
1.033694e-05
1.025969e-05
1.018301e-05
1.010690e-05
1.003136e-05
9.956386e-06
9.881973e-06
9.808116e-06
9.734811e-06
9.662054e-06
9.589840e-06
9.518166e-06
9.447028e-06
9.376422e-06
9.306343e-06
9.236788e-06
9.167753e-06
9.099234e-06
9.031227e-06
8.963728e-06
8.896734e-06
8.830240e-06
8.764244e-06
8.698741e-06
8.633727e-06
8.569199e-06
8.505153e-06
8.441586e-06
8.378494e-06
8.315874e-06
8.253722e-06
8.192034e-06
8.130807e-06
8.070038e-06
8.009723e-06
7.949859e-06
7.890443e-06
7.831470e-06
7.772938e-06
7.714844e-06
7.657183e-06
7.599954e-06
7.543152e-06
7.486775e-06
7.430820e-06
7.375282e-06
7.320160e-06
7.265450e-06
7.211148e-06
7.157252e-06
7.103760e-06
7.050666e-06
6.997970e-06
6.945668e-06
6.893756e-06
6.842233e-06
6.791094e-06
6.740338e-06
6.689961e-06
6.639961e-06
6.590334e-06
6.541079e-06
6.492191e-06
6.443669e-06
6.395509e-06
6.347709e-06
6.300267e-06
6.253179e-06
6.206443e-06
6.160057e-06
6.114017e-06
6.068321e-06
6.022967e-06
5.977952e-06
5.933273e-06
5.888928e-06
5.844914e-06
5.801230e-06
5.757872e-06
5.714838e-06
5.672125e-06
5.629732e-06
5.587656e-06
5.545894e-06
5.504444e-06
5.463304e-06
5.422472e-06
5.381945e-06
5.341720e-06
5.301797e-06
5.262171e-06
5.222842e-06
5.183807e-06
5.145064e-06
5.106610e-06
5.068443e-06
5.030562e-06
4.992964e-06
4.955647e-06
4.918608e-06
4.881847e-06
4.845360e-06
4.809146e-06
4.773203e-06
4.737528e-06
4.702120e-06
4.666977e-06
4.632096e-06
4.597476e-06
4.563115e-06
4.529010e-06
4.495161e-06
4.461564e-06
4.428219e-06
4.395123e-06
4.362274e-06
4.329670e-06
4.297311e-06
4.265193e-06
4.233315e-06
4.201675e-06
4.170272e-06
4.139104e-06
4.108168e-06
4.077464e-06
4.046989e-06
4.016742e-06
3.986722e-06
3.956925e-06
3.927351e-06
3.897998e-06
3.868865e-06
3.839949e-06
3.811250e-06
3.782765e-06
3.754492e-06
3.726432e-06
3.698580e-06
3.670937e-06
3.643501e-06
3.616270e-06
3.589242e-06
3.562416e-06
3.535791e-06
3.509364e-06
3.483136e-06
3.457103e-06
3.431265e-06
3.405620e-06
3.380166e-06
3.354903e-06
3.329829e-06
3.304942e-06
3.280241e-06
3.255724e-06
3.231391e-06
3.207240e-06
3.183269e-06
3.159478e-06
3.135864e-06
3.112427e-06
3.089164e-06
3.066076e-06
3.043161e-06
3.020416e-06
2.997842e-06
2.975436e-06
2.953198e-06
2.931126e-06
2.909219e-06
2.887475e-06
2.865894e-06
2.844475e-06
2.823215e-06
2.802115e-06
2.781172e-06
2.760386e-06
2.739755e-06
2.719278e-06
2.698954e-06
2.678782e-06
2.658761e-06
2.638890e-06
2.619167e-06
2.599591e-06
2.580162e-06
2.560878e-06
2.541738e-06
2.522741e-06
2.503887e-06
2.485173e-06
2.466599e-06
2.448163e-06
2.429866e-06
2.411705e-06
2.393680e-06
2.375790e-06
2.358033e-06
2.340410e-06
2.322918e-06
2.305556e-06
2.288325e-06
2.271222e-06
2.254247e-06
2.237399e-06
2.220676e-06
2.204079e-06
2.187606e-06
2.171256e-06
2.155028e-06
2.138922e-06
2.122935e-06
2.107069e-06
2.091321e-06
2.075690e-06
2.060177e-06
2.044779e-06
2.029496e-06
2.014328e-06
1.999273e-06
1.984330e-06
1.969500e-06
1.954780e-06
1.940170e-06
1.925669e-06
1.911277e-06
1.896992e-06
1.882814e-06
1.868742e-06
1.854775e-06
1.840913e-06
1.827154e-06
1.813498e-06
1.799944e-06
1.786491e-06
1.773139e-06
1.759886e-06
1.746733e-06
1.733678e-06
1.720721e-06
1.707860e-06
1.695096e-06
1.682427e-06
1.669852e-06
1.657372e-06
1.644985e-06
1.632690e-06
1.620488e-06
1.608376e-06
1.596355e-06
1.584424e-06
1.572582e-06
1.560829e-06
1.549163e-06
1.537585e-06
1.526093e-06
1.514687e-06
1.503366e-06
1.492130e-06
1.480978e-06
1.469909e-06
1.458923e-06
1.448019e-06
1.437197e-06
1.426456e-06
1.415794e-06
1.405213e-06
1.394710e-06
1.384286e-06
1.373940e-06
1.363671e-06
1.353479e-06
1.343364e-06
1.333323e-06
1.323358e-06
1.313467e-06
1.303651e-06
1.293907e-06
1.284237e-06
1.274638e-06
1.265112e-06
1.255656e-06
1.246272e-06
1.236957e-06
1.227712e-06
1.218536e-06
1.209429e-06
1.200390e-06
1.191418e-06
1.182513e-06
1.173675e-06
1.164903e-06
1.156197e-06
1.147556e-06
1.138979e-06
1.130466e-06
1.122017e-06
1.113631e-06
1.105308e-06
1.097047e-06
1.088848e-06
1.080710e-06
1.072633e-06
1.064616e-06
1.056659e-06
1.048761e-06
1.040923e-06
1.033143e-06
1.025422e-06
1.017758e-06
1.010151e-06
1.002601e-06
9.951078e-07
9.876704e-07
9.802886e-07
9.729620e-07
9.656901e-07
9.584726e-07
9.513090e-07
9.441990e-07
9.371421e-07
9.301379e-07
9.231861e-07
9.162863e-07
9.094380e-07
9.026409e-07
8.958946e-07
8.891987e-07
8.825529e-07
8.759567e-07
8.694099e-07
8.629120e-07
8.564626e-07
8.500614e-07
8.437081e-07
8.374023e-07
8.311436e-07
8.249317e-07
8.187662e-07
8.126468e-07
8.065731e-07
8.005448e-07
7.945616e-07
7.886230e-07
7.827289e-07
7.768788e-07
7.710725e-07
7.653095e-07
7.595896e-07
7.539125e-07
7.482778e-07
7.426852e-07
7.371344e-07
7.316251e-07
7.261570e-07
7.207297e-07
7.153430e-07
7.099966e-07
7.046901e-07
6.994233e-07
6.941958e-07
6.890074e-07
6.838578e-07
6.787467e-07
6.736738e-07
6.686388e-07
6.636414e-07
6.586814e-07
6.537584e-07
6.488723e-07
6.440227e-07
6.392093e-07
6.344318e-07
6.296901e-07
6.249839e-07
6.203128e-07
6.156766e-07
6.110750e-07
6.065079e-07
6.019749e-07
5.974758e-07
5.930102e-07
5.885781e-07
5.841791e-07
5.798130e-07
5.754795e-07
5.711784e-07
5.669094e-07
5.626724e-07
5.584670e-07
5.542930e-07
5.501503e-07
5.460385e-07
5.419574e-07
5.379069e-07
5.338866e-07
5.298963e-07
5.259359e-07
5.220051e-07
5.181037e-07
5.142314e-07
5.103880e-07
5.065734e-07
5.027873e-07
4.990295e-07
4.952998e-07
4.915979e-07
4.879238e-07
4.842770e-07
4.806576e-07
4.770652e-07
4.734996e-07
4.699607e-07
4.664482e-07
4.629620e-07
4.595019e-07
4.560676e-07
4.526589e-07
4.492758e-07
4.459179e-07
4.425852e-07
4.392773e-07
4.359942e-07
4.327356e-07
4.295013e-07
4.262913e-07
4.231052e-07
4.199429e-07
4.168043e-07
4.136891e-07
4.105972e-07
4.075284e-07
4.044826e-07
4.014595e-07
3.984590e-07
3.954809e-07
3.925251e-07
3.895914e-07
3.866796e-07
3.837896e-07
3.809212e-07
3.780742e-07
3.752485e-07
3.724439e-07
3.696603e-07
3.668975e-07
3.641553e-07
3.614336e-07
3.587323e-07
3.560511e-07
3.533900e-07
3.507488e-07
3.481273e-07
3.455254e-07
3.429430e-07
3.403799e-07
3.378359e-07
3.353109e-07
3.328048e-07
3.303174e-07
3.278487e-07
3.253983e-07
3.229663e-07
3.205525e-07
3.181567e-07
3.157788e-07
3.134187e-07
3.110762e-07
3.087513e-07
3.064437e-07
3.041533e-07
3.018801e-07
2.996239e-07
2.973845e-07
2.951618e-07
2.929558e-07
2.907663e-07
2.885931e-07
2.864362e-07
2.842954e-07
2.821706e-07
2.800616e-07
2.779685e-07
2.758909e-07
2.738289e-07
2.717824e-07
2.697511e-07
2.677350e-07
2.657339e-07
2.637478e-07
2.617766e-07
2.598201e-07
2.578782e-07
2.559509e-07
2.540379e-07
2.521392e-07
2.502547e-07
2.483844e-07
2.465279e-07
2.446854e-07
2.428566e-07
2.410415e-07
2.392400e-07
2.374519e-07
2.356772e-07
2.339158e-07
2.321675e-07
2.304323e-07
2.287101e-07
2.270007e-07
2.253041e-07
2.236202e-07
2.219489e-07
2.202900e-07
2.186436e-07
2.170095e-07
2.153876e-07
2.137778e-07
2.121800e-07
2.105942e-07
2.090202e-07
2.074580e-07
2.059075e-07
2.043685e-07
2.028411e-07
2.013251e-07
1.998204e-07
1.983269e-07
1.968446e-07
1.953734e-07
1.939132e-07
1.924639e-07
1.910254e-07
1.895977e-07
1.881807e-07
1.867742e-07
1.853783e-07
1.839928e-07
1.826176e-07
1.812528e-07
1.798981e-07
1.785535e-07
1.772190e-07
1.758945e-07
1.745799e-07
1.732751e-07
1.719800e-07
1.706947e-07
1.694189e-07
1.681527e-07
1.668959e-07
1.656485e-07
1.644105e-07
1.631817e-07
1.619621e-07
1.607516e-07
1.595501e-07
1.583577e-07
1.571741e-07
1.559994e-07
1.548335e-07
1.536762e-07
1.525277e-07
1.513877e-07
1.502562e-07
1.491332e-07
1.480186e-07
1.469123e-07
1.458143e-07
1.447245e-07
1.436428e-07
1.425693e-07
1.415037e-07
1.404461e-07
1.393964e-07
1.383546e-07
1.373205e-07
1.362942e-07
1.352755e-07
1.342645e-07
1.332610e-07
1.322650e-07
1.312765e-07
1.302953e-07
1.293215e-07
1.283550e-07
1.273956e-07
1.264435e-07
1.254985e-07
1.245605e-07
1.236295e-07
1.227055e-07
1.217884e-07
1.208782e-07
1.199748e-07
1.190781e-07
1.181881e-07
1.173048e-07
1.164280e-07
1.155579e-07
1.146942e-07
1.138370e-07
1.129862e-07
1.121417e-07
1.113036e-07
1.104717e-07
1.096460e-07
1.088265e-07
1.080132e-07
1.072059e-07
1.064046e-07
1.056094e-07
1.048200e-07
1.040366e-07
1.032591e-07
1.024873e-07
1.017213e-07
1.009611e-07
1.002065e-07
9.945755e-08
9.871421e-08
9.797642e-08
9.724415e-08
9.651735e-08
9.579599e-08
9.508001e-08
9.436939e-08
9.366408e-08
9.296404e-08
9.226923e-08
9.157961e-08
9.089515e-08
9.021581e-08
8.954154e-08
8.887231e-08
8.820808e-08
8.754882e-08
8.689448e-08
8.624504e-08
8.560045e-08
8.496067e-08
8.432568e-08
8.369544e-08
8.306990e-08
8.244904e-08
8.183282e-08
8.122121e-08
8.061416e-08
8.001166e-08
7.941365e-08
7.882012e-08
7.823102e-08
7.764633e-08
7.706600e-08
7.649002e-08
7.591833e-08
7.535092e-08
7.478775e-08
7.422879e-08
7.367401e-08
7.312338e-08
7.257686e-08
7.203442e-08
7.149604e-08
7.096168e-08
7.043132e-08
6.990492e-08
6.938245e-08
6.886389e-08
6.834920e-08
6.783836e-08
6.733134e-08
6.682811e-08
6.632864e-08
6.583291e-08
6.534087e-08
6.485252e-08
6.436782e-08
6.388673e-08
6.340925e-08
6.293533e-08
6.246495e-08
6.199809e-08
6.153472e-08
6.107482e-08
6.061835e-08
6.016529e-08
5.971562e-08
5.926930e-08
5.882633e-08
5.838666e-08
5.795028e-08
5.751717e-08
5.708729e-08
5.666062e-08
5.623714e-08
5.581683e-08
5.539965e-08
5.498560e-08
5.457464e-08
5.416675e-08
5.376191e-08
5.336010e-08
5.296129e-08
5.256546e-08
5.217259e-08
5.178265e-08
5.139563e-08
5.101150e-08
5.063024e-08
5.025184e-08
4.987626e-08
4.950348e-08
4.913350e-08
4.876628e-08
4.840180e-08
4.804005e-08
4.768100e-08
4.732463e-08
4.697093e-08
4.661987e-08
4.627144e-08
4.592561e-08
4.558236e-08
4.524168e-08
4.490355e-08
4.456794e-08
4.423484e-08
4.390423e-08
4.357609e-08
4.325041e-08
4.292716e-08
4.260632e-08
4.228788e-08
4.197183e-08
4.165813e-08
4.134678e-08
4.103776e-08
4.073104e-08
4.042662e-08
4.012447e-08
3.982459e-08
3.952694e-08
3.923152e-08
3.893830e-08
3.864728e-08
3.835843e-08
3.807174e-08
3.778720e-08
3.750478e-08
3.722447e-08
3.694625e-08
3.667012e-08
3.639605e-08
3.612403e-08
3.585404e-08
3.558607e-08
3.532010e-08
3.505612e-08
3.479411e-08
3.453406e-08
3.427595e-08
3.401978e-08
3.376552e-08
3.351315e-08
3.326268e-08
3.301407e-08
3.276733e-08
3.252243e-08
3.227936e-08
3.203810e-08
3.179865e-08
3.156099e-08
3.132510e-08
3.109098e-08
3.085861e-08
3.062797e-08
3.039906e-08
3.017186e-08
2.994636e-08
2.972254e-08
2.950040e-08
2.927991e-08
2.906107e-08
2.884387e-08
2.862830e-08
2.841433e-08
2.820196e-08
2.799118e-08
2.778198e-08
2.757434e-08
2.736825e-08
2.716370e-08
2.696068e-08
2.675917e-08
2.655918e-08
2.636068e-08
2.616366e-08
2.596811e-08
2.577403e-08
2.558139e-08
2.539020e-08
2.520043e-08
2.501209e-08
2.482515e-08
2.463961e-08
2.445545e-08
2.427267e-08
2.409126e-08
2.391120e-08
2.373249e-08
2.355512e-08
2.337907e-08
2.320433e-08
2.303090e-08
2.285877e-08
2.268793e-08
2.251836e-08
2.235006e-08
2.218301e-08
2.201722e-08
2.185266e-08
2.168934e-08
2.152723e-08
2.136634e-08
2.120665e-08
2.104815e-08
2.089084e-08
2.073470e-08
2.057973e-08
2.042592e-08
2.027326e-08
2.012174e-08
1.997135e-08
1.982208e-08
1.967393e-08
1.952689e-08
1.938095e-08
1.923610e-08
1.909233e-08
1.894963e-08
1.880800e-08
1.866743e-08
1.852791e-08
1.838944e-08
1.825199e-08
1.811558e-08
1.798019e-08
1.784580e-08
1.771242e-08
1.758004e-08
1.744865e-08
1.731824e-08
1.718880e-08
1.706034e-08
1.693283e-08
1.680627e-08
1.668066e-08
1.655599e-08
1.643225e-08
1.630944e-08
1.618754e-08
1.606656e-08
1.594648e-08
1.582730e-08
1.570900e-08
1.559159e-08
1.547506e-08
1.535940e-08
1.524461e-08
1.513067e-08
1.501759e-08
1.490534e-08
1.479394e-08
1.468337e-08
1.457363e-08
1.446471e-08
1.435660e-08
1.424930e-08
1.414280e-08
1.403710e-08
1.393219e-08
1.382806e-08
1.372471e-08
1.362213e-08
1.352032e-08
1.341927e-08
1.331897e-08
1.321943e-08
1.312063e-08
1.302256e-08
1.292523e-08
1.282863e-08
1.273275e-08
1.263759e-08
1.254313e-08
1.244939e-08
1.235634e-08
1.226399e-08
1.217233e-08
1.208135e-08
1.199106e-08
1.190144e-08
1.181249e-08
1.172420e-08
1.163658e-08
1.154960e-08
1.146328e-08
1.137761e-08
1.129257e-08
1.120817e-08
1.112440e-08
1.104126e-08
1.095874e-08
1.087683e-08
1.079554e-08
1.071485e-08
1.063477e-08
1.055529e-08
1.047640e-08
1.039810e-08
1.032038e-08
1.024325e-08
1.016669e-08
1.009071e-08
1.001529e-08
9.940435e-09
